386,370,368
379,358,332
381,361,363
380,362,360
368,345,343
368,343,341
372,351,349
372,349,370
372,374,351
380,382,362
394,377,378
394,393,377
379,334,361
157,91,93
92,47,48
379,360,333
390,374,372
382,364,362
384,366,364
384,386,366
390,372,388
394,378,376
388,372,370
388,370,386
387,385,367
383,363,365
104,41,42
130,11,12
131,31,32
391,389,373
398,388,386
398,386,384
384,364,382
383,381,363
402,390,388
156,92,90
110,4,39
379,333,358
94,46,47
383,365,385
398,384,382
392,394,376
396,382,380
401,381,397
395,360,379
401,396,380
130,132,11
395,380,360
142,5,6
142,144,5
104,42,102
132,10,11
395,379,361
142,6,140
140,6,7
143,37,38
138,7,8
75,391,393
120,16,17
126,13,14
400,392,390
397,381,383
399,385,387
113,22,23
94,96,46
392,374,390
400,393,394
387,371,389
399,387,389
395,361,381
401,397,396
139,35,36
96,45,46
131,129,31
399,383,385
398,382,74
143,38,144
397,383,73
75,403,391
400,394,392
109,107,71
403,389,391
402,388,398
402,400,390
404,396,397
403,399,389
401,380,395
187,127,129
119,25,26
401,395,381
396,74,382
73,404,397
399,73,383
94,47,92
116,18,19
124,14,15
141,36,37
74,396,404
75,393,400
83,58,59
187,185,127
82,52,53
82,53,80
96,98,45
139,137,35
124,15,122
109,71,72
125,28,29
88,49,50
145,79,81
113,111,22
105,69,70
189,129,131
93,63,64
80,53,54
75,400,402
73,399,403
105,70,107
117,24,25
93,91,63
81,57,58
91,62,63
104,106,41
108,39,40
98,44,45
122,15,16
97,65,66
117,25,119
73,403,404
74,402,398
107,70,71
101,67,68
216,162,160
74,404,402
75,402,404
75,404,403
76,334,379
76,379,332
110,21,4
112,20,21
101,68,103
133,32,33
79,56,57
77,55,3
89,61,62
86,50,51
120,17,118
100,43,44
129,30,31
137,34,35
138,8,136
134,9,10
99,66,67
131,32,133
121,26,27
121,27,123
77,3,56
145,78,79
103,68,69
123,27,28
100,44,98
156,90,154
111,2,22
111,72,2
81,79,57
84,51,52
135,33,34
134,136,9
106,40,41
118,17,18
135,34,137
136,8,9
102,42,43
213,157,159
88,90,49
90,48,49
83,59,85
89,87,61
87,60,61
85,59,60
99,67,101
123,28,125
134,10,132
135,133,33
87,85,60
83,81,58
128,12,13
128,130,12
109,72,111
115,23,24
124,126,14
128,13,126
276,234,232
182,124,122
139,36,141
138,140,7
186,128,126
187,129,189
110,39,108
120,122,16
114,19,20
114,116,19
95,64,65
127,29,30
84,86,51
82,84,52
276,278,234
193,133,135
147,81,83
77,56,79
215,159,161
193,191,133
198,140,138
199,139,141
90,92,48
145,80,78
108,40,106
114,20,112
102,43,100
118,18,116
121,119,26
99,97,66
241,187,189
174,116,114
105,103,69
169,103,105
177,117,119
115,113,23
188,130,128
188,190,130
78,54,55
78,55,77
78,80,54
78,77,79
240,188,186
151,85,87
110,112,21
110,108,112
88,50,86
89,62,91
146,80,145
149,83,85
144,38,1
144,1,5
180,122,120
174,176,116
149,85,151
153,87,89
195,135,137
194,136,134
153,89,155
155,89,91
172,112,108
172,114,112
143,141,37
196,138,136
177,119,179
171,105,107
162,98,96
192,134,132
115,24,117
109,111,113
173,113,115
173,115,175
127,30,129
127,125,29
164,100,98
162,164,98
146,82,80
173,109,113
173,107,109
192,132,190
172,108,106
166,102,100
95,93,64
95,65,97
161,95,97
179,119,121
199,141,200
143,144,142
161,159,95
237,183,185
200,141,143
200,142,140
181,121,123
160,96,94
252,200,198
197,137,139
196,136,194
196,198,138
159,93,95
159,157,93
178,120,118
178,118,176
165,99,101
181,123,183
169,105,171
167,101,103
155,91,157
215,161,217
175,115,117
215,213,159
150,86,84
150,84,148
200,140,198
200,143,142
154,90,88
153,151,87
182,122,180
184,126,124
197,139,199
197,195,137
175,117,177
167,103,169
193,135,195
190,132,130
225,169,171
229,175,177
163,97,99
183,123,125
176,118,116
166,100,164
167,165,101
231,177,179
181,179,121
163,161,97
184,124,182
158,94,92
247,193,195
188,128,186
168,104,102
178,180,120
152,88,86
148,84,82
152,86,150
212,158,156
185,125,127
185,183,125
191,131,133
191,189,131
249,195,197
248,196,194
308,265,267
152,154,88
173,171,107
217,161,163
147,83,149
146,148,82
208,154,152
209,153,155
162,96,160
208,210,154
158,92,156
158,160,94
227,171,173
163,99,165
244,192,190
212,156,210
209,155,211
205,149,151
168,102,166
232,180,178
211,155,157
214,160,158
210,156,154
184,186,126
192,194,134
244,190,242
174,114,172
170,106,104
147,145,81
204,150,148
239,185,187
246,194,192
292,250,248
250,198,196
170,104,168
170,172,106
203,147,149
236,184,182
204,148,202
201,146,145
234,182,180
228,176,174
250,196,248
247,245,193
218,164,162
228,174,226
229,227,175
219,163,165
239,237,185
235,181,183
218,220,164
220,166,164
227,173,175
221,165,167
211,157,213
202,148,146
209,207,153
245,191,193
243,189,191
242,190,188
207,151,153
207,205,151
203,149,205
201,145,147
255,205,207
246,248,194
234,180,232
222,168,166
225,171,227
223,167,169
226,174,172
226,172,170
224,170,168
224,226,170
201,147,203
254,206,204
230,178,176
230,176,228
223,221,167
229,177,231
235,233,181
233,179,181
239,187,241
236,182,234
201,202,146
201,203,202
233,231,179
308,306,265
224,228,226
222,166,220
252,199,200
247,195,249
271,221,223
219,217,163
219,165,221
235,183,237
238,186,184
238,184,236
206,152,150
206,150,204
252,198,250
292,251,250
253,202,203
253,204,202
214,158,212
214,216,160
306,263,265
238,240,186
313,272,270
206,208,152
253,254,204
258,210,208
251,197,199
251,199,252
218,162,216
253,203,205
243,241,189
242,188,240
229,225,227
225,223,169
320,279,281
245,243,191
268,220,218
295,249,251
244,246,192
291,247,249
251,249,197
251,252,250
222,224,168
230,232,178
260,212,210
259,209,211
285,241,243
284,242,240
281,237,239
268,218,266
260,210,258
259,211,261
291,289,247
278,236,234
284,286,242
328,287,289
266,218,216
274,232,230
282,240,238
264,216,214
283,239,241
275,231,233
293,274,230
272,228,224
261,211,213
290,248,246
265,215,217
294,229,231
263,213,215
273,223,225
290,246,288
327,288,286
273,271,223
262,214,212
269,219,221
280,238,236
293,230,228
272,224,222
287,243,245
295,251,292
261,213,263
256,208,206
262,264,214
282,284,240
269,267,219
273,225,229
283,241,285
305,264,262
286,244,242
289,245,247
286,288,244
288,246,244
256,258,208
257,207,209
277,233,235
267,217,219
279,235,237
269,221,271
275,233,277
279,277,235
265,217,267
265,263,215
287,245,289
287,285,243
316,275,277
312,269,271
321,282,280
305,262,303
290,292,248
330,289,291
270,222,220
270,272,222
255,207,257
255,253,205
330,328,289
282,238,280
260,262,212
256,206,254
259,257,209
312,310,269
320,318,279
322,281,283
278,280,236
266,216,264
347,319,317
341,309,307
307,266,264
327,329,288
281,279,237
281,239,283
322,283,324
331,292,290
322,320,281
296,254,253
276,232,274
268,270,220
316,277,318
301,260,258
338,304,306
329,290,288
296,297,254
335,303,301
294,273,229
346,316,318
336,302,304
304,261,263
303,262,260
319,280,278
359,328,330
303,260,301
298,255,257
296,253,255
294,231,275
314,273,294
331,290,329
295,291,249
299,258,256
299,256,297
300,257,259
300,298,257
304,302,261
293,228,272
315,276,274
357,329,327
315,317,276
317,278,276
297,256,254
302,259,261
323,284,282
323,282,321
325,286,284
326,285,287
310,267,269
318,277,279
319,278,317
319,321,280
299,301,258
76,298,300
315,274,313
309,268,266
76,332,298
302,300,259
336,334,302
310,308,267
296,255,298
332,297,296
326,324,285
324,283,285
348,318,320
344,310,312
314,294,275
346,318,348
311,270,268
311,313,270
344,342,310
332,296,298
314,271,273
314,312,271
311,268,309
350,320,322
331,291,295
331,295,292
325,327,286
343,311,309
331,330,291
357,330,331
347,317,345
333,301,299
326,287,328
325,284,323
304,263,306
307,264,305
307,309,266
351,323,321
334,300,302
343,309,341
357,331,329
351,353,323
314,275,316
344,316,346
350,348,320
356,326,328
345,317,315
343,315,313
293,272,313
293,313,274
343,313,311
355,327,325
356,354,326
358,299,297
352,322,324
339,307,305
339,341,307
355,325,353
353,325,323
366,341,339
366,339,364
354,324,326
352,324,354
342,308,310
337,305,303
337,339,305
338,336,304
333,335,301
361,334,336
360,335,333
337,303,335
340,306,308
340,338,306
361,336,363
359,330,357
375,352,354
374,353,351
368,341,366
349,321,319
349,351,321
350,322,352
340,308,342
368,347,345
363,336,338
367,342,369
349,319,347
344,312,314
369,346,348
367,340,342
375,373,352
371,348,350
371,350,373
362,337,335
362,364,337
364,339,337
358,297,332
355,357,327
370,349,347
359,356,328
378,377,356
344,314,316
375,354,377
343,345,315
370,347,368
358,333,299
76,300,334
363,338,365
365,338,340
369,342,344
369,344,346
378,357,355
377,354,356
367,365,340
373,350,352
374,376,353
362,335,360
371,369,348
387,367,369
392,376,374
393,375,377
391,373,375
389,371,373
386,368,366
376,355,353
376,378,355
391,375,393
385,365,367
387,369,371
359,357,378
359,378,356
